[app/ui]
version = 8.2.5
modtime = 1668683296.265909000

[app/launcher]
version = 8.2.5
modtime = 1668683296.267184000
